%YAML:1.0
---
R: !!opencv-matrix
   rows: 3
   cols: 3
   dt: d
   data: [ 9.3840482741113540e-01, -2.1098799114299998e-02,
       3.4489305671093418e-01, 1.7238225909499107e-02,
       9.9974976173690477e-01, 1.4256839568967415e-02,
       -3.4510755346553967e-01, -7.4333426489443452e-03,
       9.3853370848259521e-01 ]
T: !!opencv-matrix
   rows: 3
   cols: 1
   dt: d
   data: [ -5.0808713829098929e+02, -1.6361019339651151e+00,
       9.8359715592705228e+01 ]
R1: !!opencv-matrix
   rows: 3
   cols: 3
   dt: d
   data: [ 9.8694068291875836e-01, -1.6140727410965318e-02,
       1.6027340802048140e-01, 1.5154705339574569e-02,
       9.9985797937876342e-01, 7.3726507232435698e-03,
       -1.6036964583712673e-01, -4.8474726673996792e-03,
       9.8704512495772623e-01 ]
R2: !!opencv-matrix
   rows: 3
   cols: 3
   dt: d
   data: [ 9.8176763678627066e-01, 3.1614103333756408e-03,
       -1.9005870893964621e-01, -4.3317779570907992e-03,
       9.9997412758745641e-01, -5.7428090196025312e-03,
       1.9003563628654391e-01, 6.4613961656279579e-03,
       9.8175593061654554e-01 ]
P1: !!opencv-matrix
   rows: 3
   cols: 4
   dt: d
   data: [ 3.0868423136228598e+03, 0., 8.6053884506225586e+01, 0., 0.,
       3.0868423136228598e+03, 5.5412864303588867e+02, 0., 0., 0., 1.,
       0. ]
P2: !!opencv-matrix
   rows: 3
   cols: 4
   dt: d
   data: [ 3.0868423136228598e+03, 0., 1.2051907806396484e+03,
       -1.5975112834419161e+06, 0., 3.0868423136228598e+03,
       5.5412864303588867e+02, 0., 0., 0., 1., 0. ]
Q: !!opencv-matrix
   rows: 4
   cols: 4
   dt: d
   data: [ 1., 0., 0., -8.6053884506225586e+01, 0., 1., 0.,
       -5.5412864303588867e+02, 0., 0., 0., 3.0868423136228598e+03, 0.,
       0., 1.9322820099098813e-03, 2.1624880910249966e+00 ]
