%YAML:1.0
---
M1: !!opencv-matrix
   rows: 3
   cols: 3
   dt: d
   data: [ 3.0975935914988631e+03, 0., 6.0968813328552005e+02, 0.,
       3.0975935914988631e+03, 5.4075612799243891e+02, 0., 0., 1. ]
D1: !!opencv-matrix
   rows: 1
   cols: 14
   dt: d
   data: [ -3.7874469587216618e-03, -2.7671090575130983e+00, 0., 0., 0.,
       0., 0., -6.0601040113241460e+01, 0., 0., 0., 0., 0., 0. ]
M2: !!opencv-matrix
   rows: 3
   cols: 3
   dt: d
   data: [ 3.0975935914988631e+03, 0., 6.0989306208827861e+02, 0.,
       3.0975935914988631e+03, 5.4165366768393653e+02, 0., 0., 1. ]
D2: !!opencv-matrix
   rows: 1
   cols: 14
   dt: d
   data: [ -5.1263914551338337e-02, -5.8410121203024157e-01, 0., 0., 0.,
       0., 0., 1.4990081637813017e+02, 0., 0., 0., 0., 0., 0. ]
